40.00 843.2 40.00 831.1 40.00 818.7 39.99 806.3 39.99 794.3 40.00 782.5 40.01 770.7 40.03 759.0 39.99 747.3 40.00 735.7 40.00 724.3
35.00 840.8 35.00 828.5 34.99 815.9 35.00 803.2 35.02 791.0 35.00 778.9 35.00 766.9 35.00 754.9 35.00 742.9 35.00 731.0 35.00 719.2
30.01 838.3 30.00 825.8 29.99 812.9 30.00 800.0 30.00 787.5 30.00 775.2 30.01 762.9 30.00 750.6 30.00 738.2 30.00 725.9 30.00 713.7
25.01 835.8 25.00 823.0 25.00 809.8 25.00 796.7 24.99 784.0 24.99 771.3 25.00 758.7 25.00 746.0 24.99 733.2 25.00 720.5 25.00 707.8
20.00 833.2 20.01 820.1 20.01 806.6 19.99 793.3 20.00 780.2 20.00 767.2 20.00 754.2 20.00 741.1 20.00 727.9 20.01 714.7 20.00 701.5
15.00 830.5 15.01 817.2 14.99 803.3 15.00 789.7 14.99 776.3 15.01 763.0 15.00 749.5 15.01 735.9 15.00 722.2 14.99 708.4 14.99 694.5
10.00 827.7 9.99 814.1 10.00 799.9 10.00 785.9 10.01 772.2 10.00 758.4 10.01 744.4 10.01 730.4 9.99 716.0 10.01 701.5 10.01 686.8
5.00 824.8 5.02 810.9 4.99 796.3 5.00 782.0 5.00 767.8 4.99 753.6 5.01 739.0 5.01 724.3 5.01 709.2 5.00 693.7 5.00 678.0
4.00 824.2 4.00 810.2 4.00 795.6 3.99 781.2 4.00 766.9 4.00 752.5 4.00 737.9 4.01 723.0 4.00 707.7 4.00 692.0 4.01 676.1
3.00 823.6 3.00 809.6 3.00 794.8 3.00 780.4 3.01 766.0 3.00 751.5 3.00 736.7 3.00 721.7 3.00 706.2 3.00 690.3 3.00 674.1
2.00 823.0 1.99 808.9 2.00 794.1 2.00 779.5 2.00 765.1 2.00 750.5 2.00 735.5 2.00 720.3 2.00 704.7 2.00 688.6 1.99 672.1
1.00 822.4 1.00 808.2 0.99 793.3 1.00 778.7 0.99 764.1 1.00 749.4 1.00 734.3 1.01 719.0 1.00 703.1 1.00 686.8 0.99 670.0
0.50 822.1 0.49 807.9 0.50 792.9 0.50 778.3 0.50 763.7 0.50 748.9 0.51 733.7 0.50 718.3 0.49 702.3 0.50 685.8 0.50 668.9
0.083 821.9 0.083 807.6 0.083 792.6 0.083 777.9 0.083 763.3 0.083 748.4 0.083 733.2 0.083 717.7 0.083 701.6 0.083 685.1 0.083 668.0
