2001 299.998 301.798 63.3444 0.83331 0.12705 0.12695
2002 299.998 302.036 63.3249 0.83316 0.12722 0.12712
2003 300.003 302.302 63.3083 0.83299 0.12710 0.12700
2004 300.004 302.559 63.2909 0.83283 0.12716 0.12706
2005 300.002 302.834 63.2699 0.83266 0.12712 0.12702
2006 299.985 301.802 60.5341 0.83192 0.12667 0.12656
2007 299.991 302.041 60.5107 0.83177 0.12659 0.12649
2008 300.002 302.302 60.4845 0.83160 0.12640 0.12633
2009 300.006 302.571 60.4609 0.83143 0.12631 0.12620
2010 300.003 302.844 60.4359 0.83125 0.12632 0.12621
2011 300.002 301.837 53.6465 0.82842 0.12523 0.12508
2012 300.018 302.092 53.6341 0.82825 0.12512 0.12499
2013 300.016 302.343 53.6227 0.82809 0.12479 0.12467
2014 300.025 302.616 53.6114 0.82792 0.12475 0.12462
2015 300.037 302.909 53.5993 0.82774 0.12495 0.12483
2016 300.021 301.875 46.0715 0.82440 0.12346 0.12332
2017 300.028 302.121 46.0630 0.82424 0.12295 0.12283
2018 300.030 302.383 46.0541 0.82408 0.12287 0.12274
2019 300.026 302.648 46.0468 0.82391 0.12280 0.12265
2020 300.036 302.946 46.0404 0.82372 0.12317 0.12295
2021 300.002 301.892 37.7058 0.81977 0.12145 0.12129
2022 300.000 302.132 37.7019 0.81961 0.12139 0.12122
2023 300.011 302.401 37.6976 0.81944 0.12100 0.12080
2024 300.008 302.674 37.6932 0.81926 0.12105 0.12088
2025 300.021 302.976 37.6688 0.81905 0.12118 0.12102
2026 299.999 301.908 31.0595 0.81591 0.11999 0.11981
2027 299.996 302.152 31.0539 0.81574 0.11942 0.11924
2028 300.011 302.427 31.0473 0.81556 0.11944 0.11926
2029 300.006 302.702 31.0387 0.81537 0.11922 0.11903
2030 300.016 303.006 31.0311 0.81517 0.11955 0.11936
2031 300.043 301.953 29.6071 0.81501 0.11886 0.11867
2032 300.056 302.217 29.5643 0.81481 0.11923 0.11905
2033 300.052 302.479 29.5309 0.81462 0.11907 0.11889
2034 300.062 302.767 29.5057 0.81441 0.11914 0.11895
2035 300.051 303.052 29.5016 0.81422 0.11936 0.11916
2036 300.011 301.954 23.3521 0.81119 0.11786 0.11759
2037 300.022 302.214 23.3541 0.81101 0.11777 0.11753
2038 300.028 302.486 23.3358 0.81081 0.11751 0.11731
2039 300.030 302.771 23.3001 0.81060 0.11744 0.11723
2040 300.039 303.078 23.2702 0.81037 0.11742 0.11721
2041 300.011 301.986 15.4211 0.80605 0.11570 0.11548
2042 300.012 302.240 15.4388 0.80588 0.11567 0.11544
2043 300.027 302.526 15.4583 0.80569 0.11547 0.11525
2044 300.010 302.795 15.4736 0.80551 0.11511 0.11488
2045 300.025 303.113 15.4863 0.80530 0.11509 0.11486
2046 299.997 301.983 12.0832 0.80380 0.11504 0.11481
2047 300.016 302.262 12.0704 0.80359 0.11456 0.11432
2048 300.007 302.526 12.0827 0.80341 0.11420 0.11393
2049 300.022 302.828 12.1065 0.80321 0.11422 0.11395
2050 300.011 303.123 12.1261 0.80301 0.11434 0.11410
2051 299.987 302.001 6.2210 0.79967 0.11324 0.11299
2052 299.995 302.270 6.2334 0.79948 0.11278 0.11253
2053 300.013 302.565 6.2425 0.79927 0.11257 0.11232
2054 300.012 302.857 6.2477 0.79906 0.11251 0.11225
2055 300.015 303.168 6.2466 0.79883 0.11263 0.11238
2056 299.988 302.028 0.2179 0.79520 0.11148 0.11122
2057 299.999 302.308 0.1941 0.79497 0.11086 0.11060
2058 300.003 302.594 0.1755 0.79474 0.11070 0.11043
2059 300.003 302.892 0.1675 0.79450 0.11101 0.11067
2060 300.001 303.204 0.1792 0.79428 0.11072 0.11045
3001 351.854 353.436 66.4743 0.80567 0.12331 0.12296
3002 351.854 353.659 66.4227 0.80551 0.12212 0.12177
3003 351.870 353.904 66.3775 0.80535 0.12219 0.12184
3004 351.861 354.161 66.3535 0.80520 0.12179 0.12144
3005 351.865 354.379 66.3472 0.80508 0.12268 0.12236
3006 351.845 353.439 66.2878 0.80556 0.12285 0.12250
3007 351.847 353.706 66.2729 0.80540 0.12228 0.12189
3008 351.865 353.900 66.2542 0.80529 0.12236 0.12197
3009 351.846 354.127 66.2306 0.80515 0.12232 0.12196
3010 351.858 354.367 66.1862 0.80499 0.12238 0.12202
3011 351.847 353.444 65.9787 0.80538 0.12248 0.12212
3012 351.846 353.647 65.9703 0.80526 0.12250 0.12214
3013 351.849 353.872 65.9607 0.80513 0.12252 0.12216
3014 351.850 354.104 65.9512 0.80500 0.12246 0.12211
3015 351.856 354.356 65.9398 0.80486 0.12229 0.12193
3016 351.828 353.438 58.4753 0.80097 0.12102 0.12064
3017 351.825 353.652 58.4373 0.80083 0.12042 0.12004
3018 351.843 353.889 58.4229 0.80069 0.12051 0.12013
3019 351.839 354.120 58.4251 0.80056 0.12034 0.11995
3020 351.832 354.361 58.4319 0.80043 0.12045 0.12006
3021 351.823 353.454 53.0937 0.79767 0.11957 0.11917
3022 351.827 353.671 53.0800 0.79753 0.11895 0.11856
3023 351.836 353.904 53.0655 0.79739 0.11905 0.11865
3024 351.834 354.140 53.0528 0.79725 0.11897 0.11857
3025 351.839 354.396 53.0392 0.79709 0.11907 0.11866
3026 351.829 353.484 45.9442 0.79308 0.11759 0.11716
3027 351.823 353.698 45.9346 0.79295 0.11702 0.11660
3028 351.833 353.936 45.9234 0.79280 0.11698 0.11655
3029 351.838 354.184 45.9124 0.79265 0.11707 0.11664
3030 351.823 354.424 45.9021 0.79250 0.11690 0.11647
3031 351.816 353.500 38.1685 0.78782 0.11518 0.11472
3032 351.816 353.724 38.1724 0.78769 0.11464 0.11419
3033 351.830 353.969 38.1784 0.78754 0.11448 0.11403
3034 351.829 354.213 38.1884 0.78740 0.11466 0.11421
3035 351.826 354.471 38.1983 0.78725 0.11463 0.11417
3036 351.808 353.523 30.8077 0.78253 0.11286 0.11238
3037 351.817 353.757 30.8057 0.78238 0.11233 0.11189
3038 351.833 354.008 30.8008 0.78222 0.11279 0.11231
3039 351.831 354.258 30.7953 0.78206 0.11226 0.11178
3040 351.837 354.528 30.7900 0.78189 0.11240 0.11192
3041 351.816 353.568 23.0974 0.77660 0.11061 0.11011
3042 351.825 353.808 23.0969 0.77645 0.11034 0.10983
3043 351.823 354.045 23.0942 0.77629 0.11074 0.11023
3044 351.835 354.313 23.0907 0.77611 0.10987 0.10936
3045 351.827 354.573 23.0858 0.77594 0.11005 0.10954
3046 351.849 353.609 21.2003 0.77506 0.10942 0.10891
3047 351.849 353.840 21.2056 0.77491 0.10962 0.10911
3048 351.868 354.104 21.2109 0.77474 0.10941 0.10890
3049 351.873 354.364 21.2156 0.77457 0.10962 0.10911
3050 351.864 354.629 21.2203 0.77440 0.10975 0.10923
3051 351.845 353.642 15.1613 0.77001 0.10788 0.10735
3052 351.848 353.875 15.1777 0.76986 0.10764 0.10711
3053 351.861 354.135 15.1951 0.76970 0.10754 0.10701
3054 351.853 354.390 15.2092 0.76954 0.10740 0.10687
3055 351.846 354.657 15.2224 0.76936 0.10738 0.10684
3056 351.832 353.645 11.9712 0.76722 0.10652 0.10598
3057 351.859 353.905 11.9842 0.76704 0.10635 0.10581
3058 351.868 354.163 11.9958 0.76687 0.10640 0.10585
3059 351.864 354.424 12.0053 0.76670 0.10635 0.10580
3060 351.862 354.700 12.0124 0.76651 0.10627 0.10573
3061 351.813 353.659 6.1880 0.76188 0.10450 0.10394
3062 351.828 353.909 6.1732 0.76168 0.10440 0.10383
3063 351.840 354.178 6.1425 0.76146 0.10404 0.10348
3064 351.840 354.448 6.1183 0.76124 0.10423 0.10367
3065 351.845 354.737 6.0987 0.76101 0.10430 0.10374
3066 351.818 353.696 0.6116 0.75633 0.10223 0.10165
3067 351.845 353.967 0.6214 0.75614 0.10225 0.10167
3068 351.847 354.228 0.6278 0.75594 0.10218 0.10159
3069 351.851 354.505 0.6282 0.75573 0.10237 0.10179
3070 351.852 354.794 0.6056 0.75549 0.10213 0.10155
4001 400.446 402.270 67.8698 0.78064 0.11752 0.11682
4002 400.474 402.512 67.8711 0.78051 0.11731 0.11661
4003 400.464 402.724 67.8715 0.78041 0.11797 0.11668
4004 400.463 402.954 67.8743 0.78029 0.11748 0.11678
4005 400.466 403.201 67.8738 0.78016 0.11730 0.11659
4006 400.434 402.289 60.7558 0.77582 0.11560 0.11482
4007 400.435 402.506 60.7558 0.77570 0.11542 0.11474
4008 400.450 402.745 60.7602 0.77558 0.11528 0.11455
4009 400.453 402.986 60.7647 0.77545 0.11524 0.11450
4010 400.453 403.233 60.7700 0.77532 0.11508 0.11435
4011 400.424 402.304 53.4350 0.77058 0.11347 0.11270
4012 400.436 402.542 53.4325 0.77045 0.11291 0.11215
4013 400.446 402.778 53.4091 0.77030 0.11289 0.11212
4014 400.441 403.017 53.3763 0.77015 0.11292 0.11215
4015 400.447 403.274 53.3494 0.76999 0.11292 0.11215
4016 400.417 402.341 45.7511 0.76474 0.11113 0.11033
4017 400.428 402.573 45.7250 0.76459 0.11118 0.11038
4018 400.437 402.819 45.7046 0.76443 0.11054 0.10972
4019 400.449 403.074 45.7046 0.76429 0.11051 0.10976
4020 400.436 403.322 45.7239 0.76416 0.11041 0.10961
4021 400.410 402.368 38.3898 0.75877 0.10869 0.10787
4022 400.420 402.610 38.3544 0.75860 0.10823 0.10741
4023 400.440 402.868 38.3270 0.75842 0.10815 0.10732
4024 400.443 403.124 38.3062 0.75825 0.10806 0.10723
4025 400.440 403.385 38.2888 0.75809 0.10800 0.10717
4026 400.440 402.404 38.3049 0.75868 0.10862 0.10780
4027 400.444 402.635 38.2825 0.75852 0.10840 0.10757
4028 400.452 402.883 38.2644 0.75836 0.10810 0.10727
4029 400.455 403.138 38.2591 0.75821 0.10806 0.10724
4030 400.449 403.396 38.2724 0.75807 0.10833 0.10749
4031 400.420 402.438 29.9102 0.75132 0.10580 0.10494
4032 400.446 402.697 29.8883 0.75114 0.10567 0.10480
4033 400.437 402.929 29.8703 0.75098 0.10553 0.10467
4034 400.435 403.183 29.8701 0.75082 0.10546 0.10459
4035 400.441 403.461 29.8844 0.75066 0.10543 0.10456
4036 400.422 402.481 23.1390 0.74487 0.10323 0.10235
4037 400.439 402.738 23.1129 0.74468 0.10287 0.10199
4038 400.445 402.992 23.0911 0.74449 0.10291 0.10202
4039 400.448 403.263 23.0714 0.74430 0.10296 0.10207
4040 400.440 403.532 23.0644 0.74412 0.10279 0.10194
4041 400.421 402.543 15.2520 0.73665 0.10018 0.09926
4042 400.409 402.774 15.2684 0.73651 0.10008 0.09916
4043 400.434 403.053 15.2832 0.73633 0.09982 0.09890
4044 400.432 403.324 15.2953 0.73616 0.09983 0.09891
4045 400.447 403.626 15.3055 0.73597 0.09970 0.09877
4046 400.428 402.578 11.7858 0.73274 0.09878 0.09785
4047 400.433 402.827 11.7687 0.73254 0.09862 0.09769
4048 400.443 403.097 11.7586 0.73234 0.09840 0.09746
4049 400.437 403.369 11.7652 0.73216 0.09811 0.09718
4050 400.441 403.661 11.7812 0.73197 0.09814 0.09721
4051 400.415 402.618 5.9253 0.72564 0.09625 0.09530
4052 400.417 402.870 5.9120 0.72544 0.09611 0.09516
4053 400.430 403.150 5.9089 0.72523 0.09592 0.09496
4054 400.423 403.423 5.9193 0.72504 0.09601 0.09506
4055 400.429 403.726 5.9348 0.72483 0.09570 0.09469
4056 400.407 402.659 0.5228 0.71842 0.09365 0.09268
4057 400.420 402.929 0.5313 0.71822 0.09371 0.09274
4058 400.419 403.200 0.5392 0.71802 0.09334 0.09237
4059 400.419 403.490 0.5450 0.71780 0.09328 0.09231
4060 400.435 403.808 0.5460 0.71755 0.09324 0.09227
5001 447.986 449.670 68.6898 0.75732 0.11230 0.11117
5002 447.991 449.870 68.6635 0.75721 0.11232 0.11118
5003 447.993 450.077 68.6272 0.75708 0.11238 0.11119
5004 447.983 450.283 68.5986 0.75695 0.11226 0.11112
5005 447.989 450.514 68.5747 0.75682 0.11300 0.11184
5006 447.928 449.652 59.8904 0.75048 0.11005 0.10887
5007 447.966 449.886 59.9032 0.75037 0.10986 0.10868
5008 447.944 450.075 59.9145 0.75029 0.10981 0.10863
5009 447.939 450.291 59.9247 0.75018 0.10975 0.10856
5010 447.935 450.518 59.9336 0.75008 0.10967 0.10848
5011 447.904 449.679 49.9987 0.74213 0.10681 0.10558
5012 447.905 449.882 50.0107 0.74203 0.10674 0.10551
5013 447.907 450.099 50.0219 0.74192 0.10654 0.10531
5014 447.911 450.330 50.0314 0.74180 0.10698 0.10574
5015 447.919 450.575 50.0394 0.74168 0.10641 0.10517
5016 447.906 449.729 41.2702 0.73404 0.10366 0.10239
5017 447.904 449.937 41.2462 0.73390 0.10364 0.10237
5018 447.911 450.166 41.2255 0.73375 0.10351 0.10223
5019 447.919 450.409 41.2089 0.73360 0.10334 0.10206
5020 447.907 450.637 41.2165 0.73348 0.10389 0.10260
5021 447.889 449.755 34.3025 0.72703 0.10121 0.09991
5022 447.895 449.974 34.3195 0.72691 0.10098 0.09968
5023 447.899 450.200 34.3354 0.72680 0.10122 0.09991
5024 447.923 450.468 34.3495 0.72665 0.10088 0.09957
5025 447.917 450.714 34.3608 0.72652 0.10087 0.09956
5026 447.899 449.807 27.8189 0.71992 0.09862 0.09730
5027 447.903 450.031 27.7971 0.71975 0.09845 0.09712
5028 447.905 450.265 27.7795 0.71959 0.09856 0.09722
5029 447.913 450.520 27.7664 0.71942 0.09853 0.09720
5030 447.905 450.769 27.7621 0.71926 0.09835 0.09702
5031 447.893 449.857 20.7169 0.71137 0.09580 0.09445
5032 447.895 450.087 20.6985 0.71119 0.09573 0.09437
5033 447.905 450.333 20.6836 0.71101 0.09554 0.09418
5034 447.906 450.587 20.6850 0.71085 0.09550 0.09414
5035 447.905 450.851 20.6988 0.71069 0.09536 0.09400
5036 447.883 449.890 15.3503 0.70424 0.09352 0.09215
5037 447.889 450.128 15.3608 0.70409 0.09326 0.09188
5038 447.886 450.367 15.3694 0.70393 0.09370 0.09231
5039 447.898 450.640 15.3777 0.70376 0.09316 0.09178
5040 447.906 450.915 15.3851 0.70358 0.09306 0.09168
5041 447.888 449.937 11.1635 0.69816 0.09158 0.09019
5042 447.899 450.182 11.1639 0.69798 0.09154 0.09014
5043 447.919 450.449 11.1449 0.69776 0.09142 0.09002
5044 447.913 450.710 11.1238 0.69754 0.09136 0.08996
5045 447.910 450.983 11.1067 0.69731 0.09121 0.08981
5046 447.869 449.998 3.6297 0.68575 0.08778 0.08637
5047 447.889 450.267 3.6382 0.68555 0.08785 0.08643
5048 447.893 450.528 3.6454 0.68536 0.08783 0.08636
5049 447.889 450.798 3.6525 0.68515 0.08771 0.08629
5050 447.896 451.088 3.6577 0.68493 0.08764 0.08621
5051 447.882 450.059 0.1765 0.67919 0.08582 0.08440
5052 447.890 450.318 0.1697 0.67896 0.08591 0.08449
5053 447.908 450.599 0.1764 0.67873 0.08576 0.08434
5054 447.886 450.854 0.1878 0.67854 0.08579 0.08436
5055 447.902 451.159 0.1979 0.67830 0.08562 0.08419
6001 501.556 503.108 68.6557 0.73147 0.10791 0.10614
6002 501.565 503.294 68.6482 0.73138 0.10802 0.10624
6003 501.579 503.499 68.6109 0.73125 0.10790 0.10613
6004 501.561 503.682 68.5784 0.73113 0.10766 0.10583
6005 501.554 503.878 68.5536 0.73102 0.10773 0.10596
6006 501.492 503.091 58.5297 0.72228 0.10462 0.10279
6007 501.488 503.271 58.5390 0.72220 0.10456 0.10273
6008 501.503 503.479 58.5461 0.72211 0.10454 0.10271
6009 501.505 503.684 58.5529 0.72201 0.10442 0.10260
6010 501.506 503.900 58.5550 0.72191 0.10465 0.10282
6011 501.485 503.138 48.2361 0.71189 0.10097 0.09909
6012 501.491 503.336 48.2135 0.71177 0.10086 0.09898
6013 501.500 503.542 48.1945 0.71164 0.10097 0.09909
6014 501.493 503.749 48.1807 0.71151 0.10122 0.09933
6015 501.487 503.966 48.1838 0.71140 0.10068 0.09885
6016 501.454 503.160 39.1892 0.70169 0.09746 0.09555
6017 501.471 503.375 39.1977 0.70158 0.09740 0.09548
6018 501.486 503.596 39.2047 0.70146 0.09732 0.09540
6019 501.497 503.826 39.2083 0.70134 0.09824 0.09629
6020 501.480 504.039 39.2048 0.70121 0.09753 0.09560
6021 501.469 503.232 30.9930 0.69126 0.09424 0.09228
6022 501.475 503.441 30.9816 0.69112 0.09405 0.09209
6023 501.475 503.657 30.9862 0.69099 0.09419 0.09222
6024 501.488 503.893 31.0013 0.69087 0.09454 0.09221
6025 501.501 504.142 31.0161 0.69074 0.09428 0.09231
6026 501.470 503.297 22.7998 0.67936 0.09099 0.08900
6027 501.487 503.526 22.8038 0.67921 0.09060 0.08861
6028 501.493 503.753 22.8028 0.67906 0.09078 0.08879
6029 501.506 504.000 22.7819 0.67887 0.09059 0.08859
6030 501.516 504.254 22.7625 0.67868 0.09053 0.08853
6031 501.487 503.385 15.4641 0.66692 0.08729 0.08528
6032 501.492 503.609 15.4503 0.66673 0.08721 0.08520
6033 501.506 503.854 15.4406 0.66654 0.08713 0.08511
6034 501.506 504.098 15.4385 0.66636 0.08710 0.08508
6035 501.507 504.354 15.4490 0.66620 0.08701 0.08499
6036 501.489 503.429 11.7229 0.65968 0.08549 0.08347
6037 501.498 503.660 11.7341 0.65953 0.08525 0.08323
6038 501.497 503.893 11.7437 0.65937 0.08523 0.08321
6039 501.488 504.135 11.7521 0.65921 0.08519 0.08317
6040 501.506 504.407 11.7591 0.65902 0.08511 0.08309
6041 501.473 503.483 5.7558 0.64636 0.08228 0.08025
6042 501.484 503.723 5.7489 0.64614 0.08216 0.08013
6043 501.475 503.961 5.7334 0.64590 0.08198 0.07995
6044 501.501 504.244 5.7211 0.64563 0.08196 0.08021
6045 501.499 504.508 5.7106 0.64538 0.08188 0.07984
6046 501.489 503.584 0.2293 0.63093 0.07857 0.07654
6047 501.497 503.834 0.2292 0.63069 0.07857 0.07654
6048 501.482 504.069 0.2293 0.63046 0.07858 0.07655
6049 501.500 504.352 0.2300 0.63019 0.07857 0.07653
6050 501.482 504.618 0.2307 0.62993 0.07834 0.07630
6051 501.361 503.455 0.2316 0.63107 0.07865 0.07663
6052 501.373 503.707 0.2319 0.63082 0.07862 0.07659
6053 501.380 503.969 0.2321 0.63057 0.07857 0.07654
6054 501.361 504.216 0.2322 0.63033 0.07861 0.07657
6055 501.365 504.503 0.2324 0.63005 0.07850 0.07646
7001 545.383 546.851 67.4191 0.70986 0.10481 0.10239
7002 545.381 547.018 67.4082 0.70977 0.10458 0.10217
7003 545.381 547.197 67.4029 0.70968 0.10478 0.10236
7004 545.388 547.394 67.3987 0.70959 0.10451 0.10209
7005 545.383 547.581 67.3945 0.70950 0.10451 0.10209
7006 545.396 546.916 56.9830 0.69905 0.10122 0.09880
7007 545.399 547.094 56.9839 0.69896 0.10133 0.09884
7008 545.415 547.292 56.9840 0.69886 0.10130 0.09882
7009 545.421 547.490 56.9823 0.69876 0.10119 0.09870
7010 545.424 547.695 56.9813 0.69866 0.10093 0.09845
7011 545.430 546.986 50.3613 0.69148 0.09904 0.09652
7012 545.456 547.191 50.3670 0.69138 0.09868 0.09617
7013 545.449 547.372 50.3813 0.69131 0.09868 0.09617
7014 545.452 547.570 50.3948 0.69122 0.09849 0.09597
7015 545.465 547.792 50.4064 0.69112 0.09848 0.09596
7016 545.436 547.031 43.2920 0.68268 0.09594 0.09340
7017 545.441 547.220 43.2966 0.68258 0.09597 0.09342
7018 545.459 547.431 43.2993 0.68247 0.09606 0.09351
7019 545.453 547.630 43.2938 0.68236 0.09583 0.09328
7020 545.467 547.860 43.2682 0.68220 0.09572 0.09316
7021 545.442 547.089 36.1910 0.67288 0.09311 0.09053
7022 545.438 547.270 36.1943 0.67278 0.09306 0.09048
7023 545.459 547.493 36.1931 0.67265 0.09311 0.09053
7024 545.476 547.716 36.1896 0.67252 0.09302 0.09043
7025 545.475 547.936 36.1673 0.67236 0.09310 0.09051
7026 545.426 547.138 27.3687 0.65893 0.08951 0.08689
7027 545.457 547.363 27.3756 0.65880 0.08939 0.08677
7028 545.461 547.573 27.3780 0.65867 0.08948 0.08685
7029 545.461 547.790 27.3805 0.65854 0.08949 0.08686
7030 545.451 548.008 27.3644 0.65838 0.08935 0.08672
7031 545.426 547.197 20.5868 0.64631 0.08607 0.08344
7032 545.435 547.411 20.5896 0.64617 0.08596 0.08333
7033 545.445 547.635 20.5911 0.64602 0.08623 0.08359
7034 545.458 547.874 20.5770 0.64583 0.08622 0.08357
7035 545.464 548.116 20.5600 0.64563 0.08582 0.08318
7036 545.430 547.256 14.7485 0.63351 0.08344 0.08078
7037 545.419 547.460 14.7549 0.63337 0.08307 0.08042
7038 545.421 547.681 14.7604 0.63322 0.08312 0.08047
7039 545.443 547.939 14.7656 0.63304 0.08298 0.08033
7040 545.454 548.197 14.7698 0.63286 0.08289 0.08024
7041 545.420 547.317 9.6654 0.62017 0.08041 0.07776
7042 545.436 547.555 9.6709 0.61999 0.08001 0.07736
7043 545.429 547.775 9.6760 0.61982 0.08008 0.07743
7044 545.443 548.028 9.6803 0.61962 0.08002 0.07737
7045 545.431 548.272 9.6840 0.61943 0.07993 0.07728
7046 545.426 547.321 9.6400 0.62009 0.08019 0.07754
7047 545.444 547.557 9.6388 0.61989 0.08005 0.07741
7048 545.450 547.789 9.6465 0.61972 0.08001 0.07736
7049 545.441 548.021 9.6550 0.61955 0.07992 0.07727
7050 545.443 548.279 9.6619 0.61936 0.07996 0.07731
7051 545.412 547.356 6.0392 0.60874 0.07802 0.07537
7052 545.410 547.578 6.0433 0.60855 0.07787 0.07523
7053 545.435 547.836 6.0470 0.60832 0.07782 0.07518
7054 545.447 548.093 6.0494 0.60810 0.07781 0.07516
7055 545.437 548.348 6.0515 0.60787 0.07772 0.07507
7056 545.420 547.422 2.8458 0.59656 0.07562 0.07300
7057 545.406 547.635 2.8430 0.59633 0.07567 0.07304
7058 545.436 547.907 2.8335 0.59601 0.07563 0.07300
7059 545.426 548.151 2.8249 0.59572 0.07552 0.07289
7060 545.435 548.429 2.8180 0.59541 0.07561 0.07297
7061 544.931 546.966 1.0907 0.58916 0.07449 0.07188
7062 544.952 547.222 1.0966 0.58891 0.07427 0.07167
7063 544.962 547.477 1.1018 0.58864 0.07425 0.07164
7064 544.946 547.716 1.1060 0.58840 0.07416 0.07155
7065 544.966 548.006 1.1101 0.58809 0.07411 0.07150
8001 605.887 608.009 15.0088 0.58786 0.08163 0.07782
8002 605.896 608.232 15.0091 0.58769 0.08181 0.07800
8003 605.889 608.454 15.0098 0.58751 0.08170 0.07789
8004 605.885 608.687 15.0109 0.58733 0.08183 0.07800
8005 605.901 608.954 15.0124 0.58713 0.08171 0.07788
8006 605.901 607.571 68.9229 0.68401 0.10529 0.10169
8007 605.902 607.754 68.9080 0.68391 0.10525 0.10165
8008 605.908 607.937 68.9000 0.68382 0.10510 0.10151
8009 605.907 608.117 68.9029 0.68375 0.10520 0.10160
8010 605.919 608.329 68.9171 0.68367 0.10508 0.10147
8011 605.970 607.725 54.3640 0.66635 0.10000 0.09631
8012 605.986 607.920 54.3665 0.66626 0.09978 0.09610
8013 605.988 608.114 54.3508 0.66614 0.09956 0.09588
8014 606.003 608.325 54.3318 0.66602 0.09998 0.09592
8015 606.015 608.541 54.3142 0.66589 0.09958 0.09588
8016 605.989 607.838 41.3265 0.64724 0.09465 0.09090
8017 605.993 608.034 41.3139 0.64711 0.09458 0.09082
8018 606.000 608.237 41.3159 0.64701 0.09446 0.09071
8019 606.011 608.454 41.3281 0.64691 0.09431 0.09056
8020 606.012 608.674 41.3388 0.64681 0.09443 0.09067
8021 605.989 607.926 30.8369 0.62830 0.08999 0.08619
8022 605.992 608.130 30.8407 0.62819 0.08988 0.08609
8023 605.990 608.336 30.8421 0.62807 0.08997 0.08617
8024 606.013 608.574 30.8294 0.62790 0.08990 0.08609
8025 606.003 608.792 30.8140 0.62774 0.08990 0.08609
8026 605.958 607.983 22.9257 0.61062 0.08607 0.08226
8027 605.969 608.201 22.9273 0.61048 0.08601 0.08220
8028 605.985 608.430 22.9169 0.61030 0.08592 0.08211
8029 606.005 608.681 22.9027 0.61010 0.08573 0.08192
8030 606.010 608.922 22.8928 0.60991 0.08586 0.08204
8031 605.986 608.109 15.2320 0.58853 0.08187 0.07806
8032 605.986 608.326 15.2214 0.58832 0.08187 0.07805
8033 605.996 608.564 15.2123 0.58811 0.08167 0.07785
8034 606.009 608.814 15.2060 0.58789 0.08165 0.07783
8035 606.007 609.062 15.2004 0.58768 0.08166 0.07783
8036 605.901 608.103 10.2436 0.56965 0.07862 0.07483
8037 605.927 608.356 10.2371 0.56939 0.07862 0.07482
8038 605.918 608.579 10.2284 0.56915 0.07841 0.07462
8039 605.931 608.846 10.2215 0.56888 0.07834 0.07455
8040 605.961 609.137 10.2159 0.56859 0.07840 0.07459
8041 605.890 608.158 6.9713 0.55351 0.07621 0.07245
8042 605.923 608.426 6.9734 0.55324 0.07619 0.07242
8043 605.937 608.680 6.9744 0.55298 0.07616 0.07239
8044 605.936 608.936 6.9695 0.55269 0.07625 0.07247
8045 605.944 609.210 6.9636 0.55237 0.07608 0.07230
8046 605.898 608.242 4.1257 0.53490 0.07371 0.07000
8047 605.903 608.483 4.1296 0.53463 0.07451 0.07076
8048 605.907 608.736 4.1333 0.53434 0.07388 0.07016
8049 605.881 608.974 4.1364 0.53406 0.07380 0.07007
8050 605.915 609.279 4.1394 0.53370 0.07371 0.06998
8051 605.854 608.251 2.1312 0.51694 0.07215 0.06849
8052 605.878 608.520 2.1330 0.51655 0.07215 0.06849
8053 605.885 608.783 2.1344 0.51616 0.07198 0.06832
8054 605.881 609.047 2.1350 0.51575 0.07183 0.06817
8055 605.889 609.336 2.1321 0.51527 0.07174 0.06809
8056 605.824 608.259 1.1099 0.50456 0.07062 0.06705
8057 605.825 608.509 1.1098 0.50411 0.07066 0.06708
8058 605.858 608.804 1.1085 0.50355 0.07060 0.06701
8059 605.832 609.047 1.1080 0.50310 0.07092 0.06731
8060 605.839 609.340 1.1078 0.50256 0.07090 0.06729
9006 647.900 649.976 12.5113 0.54280 0.07897 0.07423
9007 647.882 650.176 12.5159 0.54265 0.07885 0.07411
9008 647.875 650.394 12.5162 0.54246 0.07873 0.07400
9009 647.888 650.643 12.5153 0.54223 0.07871 0.07398
9010 647.862 650.862 12.5150 0.54204 0.07855 0.07381
9011 647.288 648.869 68.7755 0.66590 0.10489 0.10039
9012 647.299 649.038 68.7679 0.66582 0.10444 0.09990
9013 647.277 649.189 68.7776 0.66577 0.10447 0.09998
9014 647.275 649.365 68.7887 0.66570 0.10432 0.09977
9015 647.279 649.550 68.7983 0.66564 0.10469 0.10013
9016 647.084 648.793 47.5140 0.63622 0.09659 0.09192
9017 647.119 649.006 47.5050 0.63610 0.09648 0.09180
9018 647.120 649.193 47.4964 0.63599 0.09610 0.09144
9019 647.125 649.390 47.4906 0.63588 0.09630 0.09162
9020 647.138 649.601 47.4928 0.63578 0.09612 0.09145
9021 646.936 648.790 30.9474 0.60426 0.08905 0.08433
9022 646.946 648.983 30.9604 0.60417 0.08922 0.08448
9023 646.931 649.165 30.9726 0.60410 0.08918 0.08444
9024 646.923 649.366 30.9838 0.60400 0.08903 0.08429
9025 646.936 649.599 30.9946 0.60389 0.08906 0.08431
9026 646.823 648.804 19.8446 0.57356 0.08326 0.07853
9027 646.825 649.005 19.8431 0.57341 0.08343 0.07869
9028 646.832 649.225 19.8429 0.57326 0.08322 0.07848
9029 646.832 649.447 19.8457 0.57311 0.08314 0.07841
9030 646.839 649.688 19.8528 0.57296 0.08307 0.07834
9031 646.565 648.662 12.4149 0.54348 0.07850 0.07382
9032 646.581 648.893 12.4166 0.54328 0.07853 0.07385
9033 646.586 649.124 12.4191 0.54309 0.07844 0.07375
9034 646.575 649.349 12.4242 0.54292 0.07845 0.07376
9035 646.551 649.569 12.4331 0.54277 0.07843 0.07374
9036 646.212 648.432 7.3542 0.51194 0.07428 0.06971
9037 646.207 648.654 7.3563 0.51170 0.07453 0.07018
9038 646.206 648.890 7.3593 0.51145 0.07435 0.06978
9039 646.211 649.144 7.3632 0.51119 0.07437 0.06978
9040 646.201 649.394 7.3687 0.51095 0.07437 0.06978
9041 645.805 648.101 4.6461 0.48546 0.07235 0.06785
9042 645.818 648.348 4.6503 0.48514 0.07242 0.06791
9043 645.846 648.627 4.6544 0.48477 0.07227 0.06777
9044 645.856 648.894 4.6581 0.48442 0.07234 0.06783
9045 645.875 649.180 4.6613 0.48403 0.07284 0.06828
