301.15 1.4870 1.5616 1.6240 1.6890 1.7480 1.8000
358.25 0.7627 0.8085 0.8570 0.9084 0.9538 1.0015
401.95 0.4925 0.5283 0.5600 0.5936 0.6233 0.6540
407.95 0.4420 0.4813 0.5150 0.5408 0.5624 0.5850
424.75 0.3942 0.4296 0.4619 0.4896 0.5165 0.5423
488.85 0.2645 0.2883 0.3114 0.3332 0.3532 0.3708
530.25 0.1903 0.2112 0.2302 0.2486 0.2660 0.2793
630.45 0.1226 0.1398 0.1538 0.1676 0.1793 0.1901
669.65 0.1130 0.1288 0.1430 0.1544 0.1660 0.1776
706.85 0.996 0.1146 0.1283 0.1399 0.1497 0.1602
743.85 0.845 0.9600 0.1046 0.1109 0.1164 0.1223